5,3
5,2
5,1
5,0
4,3
4,2
4,1
4,0
3,6
3,5
3,4
3,3
3,2
3,1
3,0
2,5
2,2
1,2
0,503
0,495
0,479
0,477
0,475
0,474
0,472
0,471
0,470
0,464
0,460
0,458
0,457
0,456
0,453
0,452
0,451
0,448
0,446
0,445
0,441
0,440
0,438
0,436
0,435
0,433
0,432
0,430
0,427
0,426
0,425
0,424
0,423
0,422
0,421
0,420
0,419
0,418
0,417
0,416
0,415
0,412
0,411
0,410
0,409
0,408
0,407
0,406
0,405
0,404
0,403
0,402
0,401
0,400
0,399
0,398
0,397
0,396
0,395
0,394
0,392
0,391
0,390
0,389
0,388
0,387
0,386
0,385
0,383
0,382
0,381
0,380
0,379
0,378
0,377
0,376
0,375
0,374
0,373
0,372
0,322
0,243
8,5
8,1
8,3
8,0
1,1
1,3
1,0
2,1
2,4
2,3
2,0
0,9
0,310
0,305
0,308
0,304
0,303
0,302
0,307
0,12
0,437
0,10
0,8
0,0
0,505
0,300
0,498
0,299
0,488
0,298
0,325
0,297
0,465
0,296
0,497
0,295
0,487
0,294
0,473
0,293
0,393
0,292
0,504
0,291
0,290
0,306
0,289
0,333
0,288
0,354
0,287
0,324
0,286
0,371
0,285
0,323
0,284
0,353
0,283
0,481
0,282
0,480
0,281
0,280
0,414
0,279
0,370
0,278
0,413
0,277
0,447
0,276
0,344
6,0
6,1
6,3
6,4
7,1
7,2
8,2
9,0
9,1
9,3
10,0
10,2
11,0
11,1
11,3
11,4
12,1
12,2
13,0
13,2
13,3
14,0
14,1
14,3
15,1
15,2
15,4
15,5
16,0
16,1
16,3
16,5
17,0
17,2
17,3
18,1
18,3
18,4
20,0
20,1
21,0
21,1
21,3
22,1
22,2
23,0
23,1
23,3
24,1
24,2
25,0
25,1
25,3
25,5
25,6
25,8
25,9
25,11
25,12
26,1
26,3
26,4
26,6
26,7
26,9
26,11
26,12
27,1
27,2
27,4
27,5
28,1
28,3
28,4
29,0
29,1
29,3
30,1
30,2
31,0
31,1
31,3
32,0
32,2
33,0
33,1
33,3
33,4
34,0
34,2
34,3
34,5
35,0
35,2
36,0
36,1
36,3
37,0
37,2
37,3
38,1
38,3
39,0
39,2
39,3
40,1
40,3
41,0
41,2
41,3
42,1
42,2
43,0
43,2
43,3
44,1
44,2
44,4
44,6
44,7
44,9
44,10
45,0
45,1
45,3
45,5
45,6
45,8
45,9
45,11
45,13
45,14
45,16
45,17
45,19
45,20
45,22
45,24
45,25
45,27
45,28
45,30
45,32
45,33
45,35
45,64
45,66
45,68
45,69
45,71
45,72
45,74
45,75
45,77
46,0
46,1
46,3
46,4
47,0
47,2
47,3
47,5
48,0
48,2
48,3
48,5
49,1
49,2
49,4
49,5
49,7
49,9
49,10
49,12
49,13
49,15
49,16
49,18
49,20
49,21
49,23
49,24
49,26
50,0
50,1
50,3
50,4
51,0
51,2
51,3
52,1
52,3
53,1
53,3
53,0
52,0
51,1
50,5
50,2
49,27
49,25
49,22
49,19
49,17
49,14
49,11
49,8
49,6
49,3
49,0
48,4
48,1
47,4
47,1
46,5
46,2
45,78
45,76
45,73
45,70
45,67
45,65
45,34
45,31
45,29
45,26
45,23
45,21
45,18
45,15
45,12
45,10
45,7
45,4
45,2
44,11
44,8
44,5
44,3
44,0
43,1
42,3
42,0
41,1
40,2
40,0
39,1
38,2
38,0
37,1
36,2
35,3
35,1
34,4
34,1
33,5
33,2
32,3
32,1
31,2
30,3
30,0
29,2
28,5
28,2
28,0
27,3
27,0
26,10
26,8
26,5
26,2
26,0
25,10
25,7
25,4
25,2
24,3
24,0
23,2
22,3
22,0
21,2
20,3
18,5
18,2
18,0
17,1
16,4
16,2
15,6
15,3
15,0
14,2
13,4
13,1
12,3
12,0
11,2
10,3
10,1
9,2
8,4
7,3
7,0
6,2
0,275
0,463
0,274
0,332
0,273
0,502
0,272
0,315
0,271
0,508
0,270
0,352
0,269
0,351
0,268
0,455
0,267
0,486
0,266
0,331
0,265
0,496
0,264
0,314
0,263
0,434
0,262
0,369
0,261
0,462
0,260
0,321
0,259
0,361
0,258
0,444
0,257
0,343
0,256
0,320
0,255
0,254
0,485
0,253
0,461
0,252
0,251
0,313
0,250
0,330
0,249
0,454
0,248
0,312
0,247
0,319
0,246
0,443
0,245
0,494
0,244
0,478
0,242
0,442
0,241
0,431
0,240
0,360
0,239
0,368
0,238
0,367
0,237
0,342
0,236
0,476
0,235
0,366
0,234
0,233
0,311
0,232
0,429
0,231
0,365
0,230
0,507
0,229
0,341
0,228
0,428
0,227
0,439
0,226
0,340
0,225
0,364
0,224
0,339
0,223
0,338
0,222
0,359
0,221
0,484
0,220
0,301
0,219
0,218
0,358
0,217
0,337
0,216
0,318
0,215
0,501
0,214
0,469
0,213
0,357
0,212
0,317
0,211
0,459
0,210
0,511
0,209
0,350
0,208
0,329
0,207
0,336
0,206
0,363
0,205
0,468
0,204
0,328
0,203
0,493
0,202
0,349
0,201
0,492
0,200
0,327
0,199
0,348
0,198
0,309
0,197
0,500
0,196
0,491
0,195
0,490
0,194
0,510
0,193
0,506
0,192
0,335
0,63
0,347
0,62
0,346
0,61
0,362
0,60
0,334
0,59
0,345
0,58
0,316
0,57
0,326
0,56
0,467
0,55
0,489
0,54
0,356
0,53
0,450
0,52
0,466
0,51
0,483
0,50
0,482
0,49
0,384
0,48
0,449
0,47
0,355
0,46
0,499
0,45
0,509
0,6
0,5
0,1
0,11
0,4
0,2
0,3
0,7
